Loading data...
Spliting data...
Fitting knn
Predicting...
Accuracy:  0.6119402985074627
[[ 7  1  0  0  0  0  3  0  0  0  1  0]
 [ 2  7  0  0  0  0  0  0  1  0  2  0]
 [ 0  1 20  0  0  0  0  0  0  0  0  0]
 [ 1  0  0 15  2  0  1  1  0  0  0  1]
 [ 0  2  3  3 11  0  0  1  0  0  1  0]
 [ 2  2  0  0  0  8  5  0  0  0  0  0]
 [ 1  0  0  3  0  0 12  0  0  0  0  0]
 [ 0  0  3  0  0  1  1 10  0  0  0  0]
 [ 0  3  0  2  0  0  0  0  7  1  2  0]
 [ 1  1  0  2  0  0  0  0  5  6  2  0]
 [ 0  0  0  0  0  0  0  0  0  0 16  0]
 [ 0  3  0  1  0  2  2  3  2  0  1  4]]
              precision    recall  f1-score   support

           0       0.50      0.58      0.54        12
           1       0.35      0.58      0.44        12
           2       0.77      0.95      0.85        21
           3       0.58      0.71      0.64        21
           4       0.85      0.52      0.65        21
           5       0.73      0.47      0.57        17
           6       0.50      0.75      0.60        16
           7       0.67      0.67      0.67        15
           8       0.47      0.47      0.47        15
           9       0.86      0.35      0.50        17

   micro avg       0.60      0.62      0.61       167
   macro avg       0.63      0.61      0.59       167
weighted avg       0.65      0.62      0.61       167

