Loading data...
Spliting data...
Fitting knn
Predicting...
Accuracy:  0.373134328358209
[[ 6  2  0  0  0  2  2  0  0  0  0  0]
 [ 5  2  1  0  0  1  0  0  0  0  0  3]
 [ 4  1 14  0  0  1  1  0  0  0  0  0]
 [ 3  3  0 10  0  2  1  0  2  0  0  0]
 [ 0  0  4  5  9  0  0  0  0  0  3  0]
 [11  0  0  0  0  3  2  1  0  0  0  0]
 [ 3  1  0  1  0  2  4  3  0  1  0  1]
 [ 1  3  2  0  0  1  0  7  0  1  0  0]
 [ 3  1  0  2  1  0  0  0  1  2  4  1]
 [ 2  3  1  2  1  0  0  0  3  3  1  1]
 [ 0  1  0  0  0  0  0  0  0  1 14  0]
 [ 5  5  0  0  0  2  1  1  1  0  1  2]]
              precision    recall  f1-score   support

           0       0.14      0.50      0.22        12
           1       0.09      0.17      0.12        12
           2       0.64      0.67      0.65        21
           3       0.50      0.48      0.49        21
           4       0.82      0.43      0.56        21
           5       0.21      0.18      0.19        17
           6       0.36      0.25      0.30        16
           7       0.58      0.47      0.52        15
           8       0.14      0.07      0.09        15
           9       0.38      0.18      0.24        17

   micro avg       0.35      0.35      0.35       167
   macro avg       0.39      0.34      0.34       167
weighted avg       0.42      0.35      0.37       167

