Loading data...
Spliting data...
Fitting knn
Predicting...
Accuracy:  0.847
[[95  1  0  0  0  1  0  0  0  0]
 [ 0 93  0  1  0  0  1  0  0  0]
 [ 3 11 86  2  0  0  3  5  1  0]
 [ 0  2  1 93  0  3  0  2  2  0]
 [ 0 14  1  0 74  0  1  1  0  4]
 [ 1  3  0  8  0 84  1  0  0  0]
 [ 1  9  0  0  2  0 94  0  0  0]
 [ 0 14  0  0  1  0  0 78  0  4]
 [ 0  9  0  4  0  3  0  5 64  2]
 [ 0  4  0  0  5  0  0 17  0 86]]
              precision    recall  f1-score   support

           0       0.95      0.98      0.96        97
           1       0.58      0.98      0.73        95
           2       0.98      0.77      0.86       111
           3       0.86      0.90      0.88       103
           4       0.90      0.78      0.84        95
           5       0.92      0.87      0.89        97
           6       0.94      0.89      0.91       106
           7       0.72      0.80      0.76        97
           8       0.96      0.74      0.83        87
           9       0.90      0.77      0.83       112

    accuracy                           0.85      1000
   macro avg       0.87      0.85      0.85      1000
weighted avg       0.87      0.85      0.85      1000

