Loading data...
Spliting data...
Fitting knn
Predicting...
Accuracy:  0.92
[[ 96   0   0   0   0   1   0   0   0   0]
 [  0  95   0   0   0   0   0   0   0   0]
 [  0   4 102   1   0   0   1   2   0   1]
 [  1   0   0  99   0   0   0   0   3   0]
 [  0  10   2   0  81   0   0   0   0   2]
 [  1   1   0   7   0  87   1   0   0   0]
 [  3   5   0   0   0   0  98   0   0   0]
 [  0   8   1   0   1   0   0  85   0   2]
 [  0   5   0   3   0   1   0   2  75   1]
 [  0   1   0   0   2   0   0   6   1 102]]
              precision    recall  f1-score   support

           0       0.95      0.99      0.97        97
           1       0.74      1.00      0.85        95
           2       0.97      0.92      0.94       111
           3       0.90      0.96      0.93       103
           4       0.96      0.85      0.91        95
           5       0.98      0.90      0.94        97
           6       0.98      0.92      0.95       106
           7       0.89      0.88      0.89        97
           8       0.95      0.86      0.90        87
           9       0.94      0.91      0.93       112

    accuracy                           0.92      1000
   macro avg       0.93      0.92      0.92      1000
weighted avg       0.93      0.92      0.92      1000

