Loading data...
Spliting data...
Fitting knn
Predicting...
Accuracy:  0.902
[[95  1  0  0  0  1  0  0  0  0]
 [ 0 94  0  1  0  0  0  0  0  0]
 [ 1  6 98  1  1  0  1  3  0  0]
 [ 0  1  1 97  0  0  0  2  2  0]
 [ 0 10  1  0 83  0  0  0  0  1]
 [ 3  1  0  5  0 87  1  0  0  0]
 [ 1  7  0  0  0  0 98  0  0  0]
 [ 0  9  0  0  1  0  0 83  0  4]
 [ 0  6  0  4  0  1  0  3 71  2]
 [ 0  3  0  0  4  0  0  9  0 96]]
              precision    recall  f1-score   support

           0       0.95      0.98      0.96        97
           1       0.68      0.99      0.81        95
           2       0.98      0.88      0.93       111
           3       0.90      0.94      0.92       103
           4       0.93      0.87      0.90        95
           5       0.98      0.90      0.94        97
           6       0.98      0.92      0.95       106
           7       0.83      0.86      0.84        97
           8       0.97      0.82      0.89        87
           9       0.93      0.86      0.89       112

    accuracy                           0.90      1000
   macro avg       0.91      0.90      0.90      1000
weighted avg       0.91      0.90      0.90      1000

