Loading data...
Spliting data...
Fitting knn
Predicting...
Accuracy:  0.914
[[ 96   0   0   0   0   1   0   0   0   0]
 [  0  94   0   1   0   0   0   0   0   0]
 [  0   5 101   1   0   0   1   2   0   1]
 [  0   1   1  97   0   0   0   1   3   0]
 [  0  10   1   0  84   0   0   0   0   0]
 [  2   1   0   6   0  87   1   0   0   0]
 [  0   6   0   0   0   0 100   0   0   0]
 [  0   8   0   0   1   0   0  84   0   4]
 [  0   5   0   3   0   1   0   3  74   1]
 [  0   2   0   0   4   0   0   9   0  97]]
              precision    recall  f1-score   support

           0       0.98      0.99      0.98        97
           1       0.71      0.99      0.83        95
           2       0.98      0.91      0.94       111
           3       0.90      0.94      0.92       103
           4       0.94      0.88      0.91        95
           5       0.98      0.90      0.94        97
           6       0.98      0.94      0.96       106
           7       0.85      0.87      0.86        97
           8       0.96      0.85      0.90        87
           9       0.94      0.87      0.90       112

    accuracy                           0.91      1000
   macro avg       0.92      0.91      0.91      1000
weighted avg       0.92      0.91      0.92      1000

