Loading data...
Spliting data...
Fitting knn
Predicting...
Accuracy:  0.907
[[ 95   1   0   0   0   1   0   0   0   0]
 [  0  94   0   1   0   0   0   0   0   0]
 [  2   6  97   1   0   0   0   3   1   1]
 [  0   1   0  94   1   3   0   1   3   0]
 [  0   9   1   0  82   0   0   0   0   3]
 [  1   1   0   5   0  89   0   0   1   0]
 [  0   5   0   0   0   0 101   0   0   0]
 [  1   7   0   0   0   0   0  84   0   5]
 [  1   3   0   3   1   1   0   2  75   1]
 [  0   1   1   0   3   0   0  11   0  96]]
              precision    recall  f1-score   support

           0       0.95      0.98      0.96        97
           1       0.73      0.99      0.84        95
           2       0.98      0.87      0.92       111
           3       0.90      0.91      0.91       103
           4       0.94      0.86      0.90        95
           5       0.95      0.92      0.93        97
           6       1.00      0.95      0.98       106
           7       0.83      0.87      0.85        97
           8       0.94      0.86      0.90        87
           9       0.91      0.86      0.88       112

    accuracy                           0.91      1000
   macro avg       0.91      0.91      0.91      1000
weighted avg       0.91      0.91      0.91      1000

