Loading data...
Spliting data...
Fitting knn
Predicting...
Accuracy:  0.891
[[95  1  0  0  0  1  0  0  0  0]
 [ 0 95  0  0  0  0  0  0  0  0]
 [ 1  6 97  1  0  0  2  3  0  1]
 [ 0  1  0 98  0  1  0  2  1  0]
 [ 0 12  1  0 77  0  1  1  0  3]
 [ 1  0  0  7  0 88  1  0  0  0]
 [ 0  8  0  0  1  0 97  0  0  0]
 [ 0 10  0  0  1  0  0 82  0  4]
 [ 0  5  0  2  0  2  0  5 72  1]
 [ 0  3  0  0  5  0  0 14  0 90]]
              precision    recall  f1-score   support

           0       0.98      0.98      0.98        97
           1       0.67      1.00      0.81        95
           2       0.99      0.87      0.93       111
           3       0.91      0.95      0.93       103
           4       0.92      0.81      0.86        95
           5       0.96      0.91      0.93        97
           6       0.96      0.92      0.94       106
           7       0.77      0.85      0.80        97
           8       0.99      0.83      0.90        87
           9       0.91      0.80      0.85       112

    accuracy                           0.89      1000
   macro avg       0.90      0.89      0.89      1000
weighted avg       0.91      0.89      0.89      1000

